{
  "backend": "houdini-kinefx",
  "edges": [
    [
      "pelvis",
      "waist"
    ],
    [
      "waist",
      "chest"
    ],
    [
      "chest",
      "head_center"
    ],
    [
      "chest",
      "left_shoulder"
    ],
    [
      "left_shoulder",
      "left_elbow"
    ],
    [
      "left_elbow",
      "left_wrist"
    ],
    [
      "pelvis",
      "left_hip"
    ],
    [
      "left_hip",
      "left_knee"
    ],
    [
      "left_knee",
      "left_ankle"
    ],
    [
      "chest",
      "right_shoulder"
    ],
    [
      "right_shoulder",
      "right_elbow"
    ],
    [
      "right_elbow",
      "right_wrist"
    ],
    [
      "pelvis",
      "right_hip"
    ],
    [
      "right_hip",
      "right_knee"
    ],
    [
      "right_knee",
      "right_ankle"
    ]
  ],
  "joint_names": [
    "pelvis",
    "waist",
    "left_hip",
    "right_hip",
    "chest",
    "left_knee",
    "right_knee",
    "head_center",
    "left_shoulder",
    "right_shoulder",
    "left_ankle",
    "right_ankle",
    "left_elbow",
    "right_elbow",
    "left_wrist",
    "right_wrist"
  ],
  "parents": [
    "",
    "pelvis",
    "pelvis",
    "pelvis",
    "waist",
    "left_hip",
    "right_hip",
    "chest",
    "chest",
    "chest",
    "left_knee",
    "right_knee",
    "left_shoulder",
    "right_shoulder",
    "left_elbow",
    "right_elbow"
  ],
  "positions": [
    [
      0.0,
      0.0,
      0.11760000139474869
    ],
    [
      0.0,
      0.0,
      0.35280001163482666
    ],
    [
      -0.2800000011920929,
      0.0,
      0.05040000006556511
    ],
    [
      0.2800000011920929,
      0.0,
      0.05040000006556511
    ],
    [
      0.0,
      0.0,
      0.5879999995231628
    ],
    [
      -0.2800000011920929,
      0.0,
      -0.33980798721313477
    ],
    [
      0.2800000011920929,
      0.0,
      -0.33980798721313477
    ],
    [
      0.0,
      0.0,
      1.0499999523162842
    ],
    [
      -0.36959999799728394,
      0.0,
      0.5600000023841858
    ],
    [
      0.36959999799728394,
      0.0,
      0.5600000023841858
    ],
    [
      -0.2800000011920929,
      0.0,
      -0.6624799966812134
    ],
    [
      0.2800000011920929,
      0.0,
      -0.6624799966812134
    ],
    [
      -0.6870080232620239,
      0.0,
      0.5389999747276306
    ],
    [
      0.6870080232620239,
      0.0,
      0.5389999747276306
    ],
    [
      -0.9433760046958923,
      0.0,
      0.5180000066757202
    ],
    [
      0.9433760046958923,
      0.0,
      0.5180000066757202
    ]
  ],
  "schema": "guide-skeleton-adapter-readback/0",
  "skeleton_sha256": "40e4732704dfd80f331c83b349972afa782a3f3c253941428f501aa8397eb939",
  "source_guide_sha256": "35715748dc3518b0a16f51a3f2aadf3fc8f2d00071e02654ae61031728f49dba",
  "transforms": [
    [
      0.0,
      0.0,
      1.0,
      0.0,
      -1.0,
      0.0,
      1.0,
      0.0,
      -0.0
    ],
    [
      0.0,
      0.0,
      1.0,
      0.0,
      -1.0,
      0.0,
      1.0,
      0.0,
      -0.0
    ],
    [
      0.0,
      0.0,
      -1.0,
      0.0,
      -1.0,
      0.0,
      -1.0,
      -0.0,
      -0.0
    ],
    [
      0.0,
      0.0,
      -1.0,
      0.0,
      -1.0,
      0.0,
      -1.0,
      -0.0,
      -0.0
    ],
    [
      0.0,
      0.0,
      1.0,
      0.0,
      -1.0,
      0.0,
      1.0,
      0.0,
      -0.0
    ],
    [
      0.0,
      0.0,
      -1.0,
      0.0,
      -1.0,
      0.0,
      -1.0,
      -0.0,
      -0.0
    ],
    [
      0.0,
      0.0,
      -1.0,
      0.0,
      -1.0,
      0.0,
      -1.0,
      -0.0,
      -0.0
    ],
    [
      0.0,
      0.0,
      1.0,
      0.0,
      -1.0,
      0.0,
      1.0,
      0.0,
      -0.0
    ],
    [
      -0.9978185296058655,
      0.0,
      -0.06601657718420029,
      0.0,
      -1.0,
      0.0,
      -0.06601657718420029,
      0.0,
      0.9978185296058655
    ],
    [
      0.9978185296058655,
      0.0,
      -0.06601657718420029,
      0.0,
      -1.0,
      0.0,
      -0.06601657718420029,
      -0.0,
      -0.9978185296058655
    ],
    [
      0.0,
      0.0,
      -1.0,
      0.0,
      -1.0,
      0.0,
      -1.0,
      -0.0,
      -0.0
    ],
    [
      0.0,
      0.0,
      -1.0,
      0.0,
      -1.0,
      0.0,
      -1.0,
      -0.0,
      -0.0
    ],
    [
      -0.996661901473999,
      0.0,
      -0.08164006471633911,
      0.0,
      -1.0,
      0.0,
      -0.08164006471633911,
      0.0,
      0.996661901473999
    ],
    [
      0.996661901473999,
      0.0,
      -0.08164006471633911,
      0.0,
      -1.0,
      0.0,
      -0.08164006471633911,
      -0.0,
      -0.996661901473999
    ],
    [
      -0.996661901473999,
      0.0,
      -0.08164006471633911,
      0.0,
      -1.0,
      0.0,
      -0.08164006471633911,
      0.0,
      0.996661901473999
    ],
    [
      0.996661901473999,
      0.0,
      -0.08164006471633911,
      0.0,
      -1.0,
      0.0,
      -0.08164006471633911,
      -0.0,
      -0.996661901473999
    ]
  ],
  "version": "22.0.368"
}
