{
  "backend": "houdini-kinefx",
  "edges": [
    [
      "pelvis",
      "waist"
    ],
    [
      "waist",
      "chest"
    ],
    [
      "chest",
      "head_center"
    ],
    [
      "chest",
      "left_shoulder"
    ],
    [
      "left_shoulder",
      "left_elbow"
    ],
    [
      "left_elbow",
      "left_wrist"
    ],
    [
      "pelvis",
      "left_hip"
    ],
    [
      "left_hip",
      "left_knee"
    ],
    [
      "left_knee",
      "left_ankle"
    ],
    [
      "chest",
      "right_shoulder"
    ],
    [
      "right_shoulder",
      "right_elbow"
    ],
    [
      "right_elbow",
      "right_wrist"
    ],
    [
      "pelvis",
      "right_hip"
    ],
    [
      "right_hip",
      "right_knee"
    ],
    [
      "right_knee",
      "right_ankle"
    ]
  ],
  "joint_names": [
    "pelvis",
    "waist",
    "left_hip",
    "right_hip",
    "chest",
    "left_knee",
    "right_knee",
    "head_center",
    "left_shoulder",
    "right_shoulder",
    "left_ankle",
    "right_ankle",
    "left_elbow",
    "right_elbow",
    "left_wrist",
    "right_wrist"
  ],
  "parents": [
    "",
    "pelvis",
    "pelvis",
    "pelvis",
    "waist",
    "left_hip",
    "right_hip",
    "chest",
    "chest",
    "chest",
    "left_knee",
    "right_knee",
    "left_shoulder",
    "right_shoulder",
    "left_elbow",
    "right_elbow"
  ],
  "positions": [
    [
      0.0,
      0.0,
      0.1371999979019165
    ],
    [
      0.0,
      0.0,
      0.4115999937057495
    ],
    [
      -0.2800000011920929,
      0.0,
      0.058800000697374344
    ],
    [
      0.2800000011920929,
      0.0,
      0.058800000697374344
    ],
    [
      0.0,
      0.0,
      0.6859999895095825
    ],
    [
      -0.2800000011920929,
      0.0,
      -0.4813759922981262
    ],
    [
      0.2800000011920929,
      0.0,
      -0.4813759922981262
    ],
    [
      0.0,
      0.0,
      1.190000057220459
    ],
    [
      -0.36959999799728394,
      0.0,
      0.699999988079071
    ],
    [
      0.36959999799728394,
      0.0,
      0.699999988079071
    ],
    [
      -0.2800000011920929,
      0.0,
      -0.928059995174408
    ],
    [
      0.2800000011920929,
      0.0,
      -0.928059995174408
    ],
    [
      -0.7598080039024353,
      0.0,
      0.6754999756813049
    ],
    [
      0.7598080039024353,
      0.0,
      0.6754999756813049
    ],
    [
      -1.0749759674072266,
      0.0,
      0.6510000228881836
    ],
    [
      1.0749759674072266,
      0.0,
      0.6510000228881836
    ]
  ],
  "schema": "guide-skeleton-adapter-readback/0",
  "skeleton_sha256": "8b3e6f0d41aa457c0e818aa5c63e06fc712b53479c6c6c2c68548f3b0558284c",
  "source_guide_sha256": "13ae41d1f607fbf33dc8f9f55adb6396d7131d408f1ead52482659e5b99f9af7",
  "transforms": [
    [
      0.0,
      0.0,
      1.0,
      0.0,
      -1.0,
      0.0,
      1.0,
      0.0,
      -0.0
    ],
    [
      0.0,
      0.0,
      1.0,
      0.0,
      -1.0,
      0.0,
      1.0,
      0.0,
      -0.0
    ],
    [
      0.0,
      0.0,
      -1.0,
      0.0,
      -1.0,
      0.0,
      -1.0,
      -0.0,
      -0.0
    ],
    [
      0.0,
      0.0,
      -1.0,
      0.0,
      -1.0,
      0.0,
      -1.0,
      -0.0,
      -0.0
    ],
    [
      0.0,
      0.0,
      1.0,
      0.0,
      -1.0,
      0.0,
      1.0,
      0.0,
      -0.0
    ],
    [
      0.0,
      0.0,
      -1.0,
      0.0,
      -1.0,
      0.0,
      -1.0,
      -0.0,
      -0.0
    ],
    [
      0.0,
      0.0,
      -1.0,
      0.0,
      -1.0,
      0.0,
      -1.0,
      -0.0,
      -0.0
    ],
    [
      0.0,
      0.0,
      1.0,
      0.0,
      -1.0,
      0.0,
      1.0,
      0.0,
      -0.0
    ],
    [
      -0.9980347156524658,
      0.0,
      -0.06266362965106964,
      0.0,
      -1.0,
      0.0,
      -0.06266362965106964,
      0.0,
      0.9980347156524658
    ],
    [
      0.9980347156524658,
      0.0,
      -0.06266362965106964,
      0.0,
      -1.0,
      0.0,
      -0.06266362965106964,
      -0.0,
      -0.9980347156524658
    ],
    [
      0.0,
      0.0,
      -1.0,
      0.0,
      -1.0,
      0.0,
      -1.0,
      -0.0,
      -0.0
    ],
    [
      0.0,
      0.0,
      -1.0,
      0.0,
      -1.0,
      0.0,
      -1.0,
      -0.0,
      -0.0
    ],
    [
      -0.9969921708106995,
      0.0,
      -0.07750249654054642,
      0.0,
      -1.0,
      0.0,
      -0.07750249654054642,
      0.0,
      0.9969921708106995
    ],
    [
      0.9969921708106995,
      0.0,
      -0.07750249654054642,
      0.0,
      -1.0,
      0.0,
      -0.07750249654054642,
      -0.0,
      -0.9969921708106995
    ],
    [
      -0.9969921708106995,
      0.0,
      -0.07750249654054642,
      0.0,
      -1.0,
      0.0,
      -0.07750249654054642,
      0.0,
      0.9969921708106995
    ],
    [
      0.9969921708106995,
      0.0,
      -0.07750249654054642,
      0.0,
      -1.0,
      0.0,
      -0.07750249654054642,
      -0.0,
      -0.9969921708106995
    ]
  ],
  "version": "22.0.368"
}
